2.498295454545454675e+02
3.160645161290322562e+02
3.825000000000000000e+02
1.835909090909090935e+02
2.497526881720430083e+02
3.159340659340659272e+02
3.822580645161290249e+02
4.482553191489361666e+02
1.172891566265060277e+02
1.834382022471910147e+02
2.497045454545454675e+02
3.158295454545454390e+02
3.822022471910112245e+02
4.483578947368421268e+02
5.141363636363636260e+02
1.171648351648351678e+02
1.834315789473684220e+02
2.495999999999999943e+02
3.156391752577319494e+02
3.820204081632653015e+02
4.480408163265306030e+02
5.140673076923077360e+02
1.170659340659340728e+02
1.832340425531915002e+02
2.493814432989690602e+02
3.153894736842105431e+02
3.818399999999999750e+02
4.479903846153846416e+02
5.139687500000000000e+02
1.832210526315789423e+02
2.493750000000000000e+02
3.155604395604395336e+02
3.818144329896907152e+02
4.478299999999999841e+02
2.491063829787234170e+02
3.152727272727272521e+02
3.815333333333333599e+02
4.867045454545454675e+01
4.877419354838709609e+01
4.897872340425531945e+01
1.139431818181818130e+02
1.138279569892473120e+02
1.141538461538461604e+02
1.143333333333333286e+02
1.147872340425531945e+02
1.791686746987951722e+02
1.792584269662921486e+02
1.794431818181818130e+02
1.795795454545454675e+02
1.796741573033707766e+02
1.798105263157894740e+02
1.801363636363636260e+02
2.447252747252747156e+02
2.447789473684210577e+02
2.450736842105263236e+02
2.453195876288659747e+02
2.451122448979591866e+02
2.453061224489795791e+02
2.454711538461538396e+02
3.100769230769230944e+02
3.103404255319148888e+02
3.106494845360824684e+02
3.107789473684210293e+02
3.107200000000000273e+02
3.106634615384615472e+02
3.110833333333333144e+02
3.760210526315789252e+02
3.765000000000000000e+02
3.765824175824175768e+02
3.765979381443298735e+02
3.766499999999999773e+02
4.418085106382978893e+02
4.420795454545454390e+02
4.421333333333333258e+02
